week_index	age_group_index	gender_index	phase_indicator	search_intensity	search_weight
1	0	0	0	44.5730969608389	0.00139418121902622
1	1	0	0	45.8414649850471	0.00216022540371346
1	2	0	0	28.4830676548745	0.00202736959232393
1	3	0	0	20.273722717207	0.00292081270098182
1	4	0	0	11.9093147093444	0.00290694977614809
1	0	1	0	46.831542736325	0.00196167964091478
1	1	1	0	39.4932477636353	0.00268642034877499
1	2	1	0	27.5633276643553	0.00339462121948418
1	3	1	0	19.6825179935675	0.00341250864811042
1	4	1	0	18.1114761145488	0.00170947762369105
2	0	0	0	59.7966210536728	0.00146672325674949
2	1	0	0	42.5187682324939	0.00188421840928309
2	2	0	0	32.0367785897875	0.00260218847103509
2	3	0	0	17.9277615792306	0.00393521779364742
2	4	0	0	15.4336511909902	0.00326880144781254
2	0	1	0	59.7667522836829	0.00178528162115897
2	1	1	0	39.9265209365988	0.00261961201749736
2	2	1	0	24.4184701331281	0.00271492504701998
2	3	1	0	22.8231282040589	0.0034136280973319
2	4	1	0	13.0422238884809	0.00198742402326141
3	0	0	0	67.8894939493019	0.00188186274559641
3	1	0	0	38.9756911993397	0.00239741247289013
3	2	0	0	36.0146733384668	0.00177283844982734
3	3	0	0	19.5469421140431	0.00414287318258789
3	4	0	0	17.4396300252369	0.00236588550137832
3	0	1	0	53.5319521261396	0.00188514017632244
3	1	1	0	35.8321496961431	0.00238921710700147
3	2	1	0	27.9663581462516	0.00248494562704965
3	3	1	0	15.7666346061851	0.00385134377484249
3	4	1	0	16.6244653407326	0.00243898921399438
4	0	0	0	55.2065587926812	0.00177859401052576
4	1	0	0	52.5345745015142	0.00206255522359865
4	2	0	0	31.7672002987565	0.00307747209657522
4	3	0	0	17.4765358916253	0.0036239985931892
4	4	0	0	12.7839246529598	0.00299820326816066
4	0	1	0	47.5298654607027	0.00215127040518867
4	1	1	0	37.6341227574218	0.0016360671667028
4	2	1	0	41.9903186561631	0.0024521953130223
4	3	1	0	16.9529543834353	0.00346191046358843
4	4	1	0	14.2749168887367	0.00243058214611087
5	0	0	0	45.0141019451019	0.001964193416482
5	1	0	0	45.3096451869589	0.00254575521127738
5	2	0	0	32.3838788755274	0.00331783963623113
5	3	0	0	19.9542372793582	0.00378448434140664
5	4	0	0	13.929460359201	0.00345016524999039
5	0	1	0	58.4056618569969	0.00247963177544989
5	1	1	0	41.3047082343298	0.00264535931089441
5	2	1	0	28.8426923436331	0.00235609999467498
5	3	1	0	17.24820795965	0.00410892269769125
5	4	1	0	11.7017686016017	0.00206591897759237
6	0	0	0	45.5678935406464	0.00161482659363193
6	1	0	0	29.4263988596915	0.00219987950157704
6	2	0	0	29.5947591147786	0.00248203934994066
6	3	0	0	15.3559601701871	0.00314354662900306
6	4	0	0	17.2487627680744	0.00304739367634882
6	0	1	0	44.1380065720298	0.00249208964976319
6	1	1	0	39.4472609898321	0.0020029189620017
6	2	1	0	24.92606097038	0.00247846898291877
6	3	1	0	16.4963393951899	0.00380729470050048
6	4	1	0	12.3390203397317	0.00232139629208457
7	0	0	0	48.7310428591036	0.00235002417852247
7	1	0	0	35.5264021680993	0.00279780683333948
7	2	0	0	20.439270472535	0.00247923751208499
7	3	0	0	16.6256503518147	0.00385918773317197
7	4	0	0	18.5343685662863	0.0020791075786963
7	0	1	0	35.9411531321845	0.00192162156971681
7	1	1	0	32.5004810838327	0.00230674844526915
7	2	1	0	17.630893953724	0.00376520469534815
7	3	1	0	13.5099941119125	0.00389715938578652
7	4	1	0	13.6274621621004	0.00229686772287402
8	0	0	0	36.8709960539174	0.00202569920606167
8	1	0	0	36.0531962610576	0.00181769098627286
8	2	0	0	23.1372860661098	0.00286621480076426
8	3	0	0	13.2208268019989	0.00416262554955881
8	4	0	0	14.8532273298994	0.0024643933654736
8	0	1	0	42.4545466806493	0.00213111254970557
8	1	1	0	23.091143839194	0.00252985444207045
8	2	1	0	23.8315981107103	0.00302343283676755
8	3	1	0	10.4865542527206	0.00383535730007589
8	4	1	0	11.6830028285933	0.00210209135411268
9	0	0	0	53.9891556328003	0.00185658549907095
9	1	0	0	39.3991028198393	0.00153776905679007
9	2	0	0	22.3977906336939	0.00208050908755616
9	3	0	0	16.6883922044955	0.00430356211397615
9	4	0	0	14.9735130679675	0.00340086138900548
9	0	1	0	45.766489887525	0.00249449424210215
9	1	1	0	22.9463542877557	0.00226167538331741
9	2	1	0	23.8063172619177	0.0031348535720627
9	3	1	0	14.3492608266441	0.00420856769429703
9	4	1	0	10.9559965540642	0.00313556178195092
10	0	0	0	48.9365312864849	0.00135121978643775
10	1	0	0	36.117840654895	0.00263288125781634
10	2	0	0	26.6559329831166	0.00233520878990396
10	3	0	0	13.8406048099267	0.00402301396775627
10	4	0	0	14.2833567447431	0.00306999173023186
10	0	1	0	39.7993793554787	0.00159495730641728
10	1	1	0	32.6902955069526	0.00233263739391056
10	2	1	0	19.0570862503042	0.00234016911973006
10	3	1	0	11.6366097054364	0.00400356552810201
10	4	1	0	16.3171713674899	0.00202435578588261
11	0	0	0	40.6452256016645	0.00203665578068468
11	1	0	0	38.7507309237694	0.00257440326436875
11	2	0	0	29.0963493099338	0.00287434815455628
11	3	0	0	13.8958134447482	0.00389734386830046
11	4	0	0	13.0791761674655	0.00230796412494057
11	0	1	0	53.7045845181172	0.00187599915799757
11	1	1	0	39.2460119196818	0.00269357474095721
11	2	1	0	19.3192951042988	0.00231612427823932
11	3	1	0	12.9716252243936	0.0034045487079811
11	4	1	0	13.361423593047	0.00196184976282164
12	0	0	0	42.5804692586742	0.00225636901633305
12	1	0	0	35.9323723206295	0.00171349458575463
12	2	0	0	19.3337899830395	0.00349520846950161
12	3	0	0	16.7093849800515	0.00349810527144808
12	4	0	0	12.7606377697971	0.0023719803101763
12	0	1	0	63.6850398882247	0.00218012708000935
12	1	1	0	35.0731488586183	0.00207622620646997
12	2	1	0	19.114116660808	0.00282402385667984
12	3	1	0	11.7859036342373	0.00397227807282982
12	4	1	0	15.7281655904433	0.00298743958376389
13	0	0	0	53.7033429012151	0.00153447921883651
13	1	0	0	56.3981683444222	0.00178073636673091
13	2	0	0	25.7321532014925	0.00264281734081307
13	3	0	0	13.6871983884291	0.00306600777870908
13	4	0	0	15.104918300862	0.00241410237823577
13	0	1	0	48.3795321166326	0.00124992219625149
13	1	1	0	31.7978351653605	0.00235297550733888
13	2	1	0	31.4828452627514	0.00299427276163676
13	3	1	0	14.4191117738966	0.00284293404281847
13	4	1	0	11.7801155720486	0.00192122882003114
14	0	0	0	56.4681262303306	0.00154544367286318
14	1	0	0	36.5604046069495	0.00182948599741767
14	2	0	0	23.8853652133449	0.00283786873418223
14	3	0	0	16.8025350641251	0.00406674176675453
14	4	0	0	13.2663858716156	0.00208522731703997
14	0	1	0	61.4766749231966	0.00198178326808305
14	1	1	0	32.0864211752587	0.00233850273517937
14	2	1	0	27.5609701669502	0.0025990959549852
14	3	1	0	13.688557514533	0.00433479786932261
14	4	1	0	15.5505027924014	0.00222774173843907
15	0	0	0	74.0521528460938	0.00164230896334204
15	1	0	0	36.8226378671731	0.00190153180605916
15	2	0	0	26.8318544203715	0.00299836251933166
15	3	0	0	16.7597099964799	0.00343448760974478
15	4	0	0	13.6867253996324	0.00284643763736203
15	0	1	0	67.8931878456716	0.00180744089813573
15	1	1	0	37.7041841921041	0.00186811368701815
15	2	1	0	24.7428454407463	0.00362269060608915
15	3	1	0	13.445274800949	0.00390260006456417
15	4	1	0	13.3451823404645	0.00328460445893281
16	0	0	0	63.6225686580115	0.00231013780625683
16	1	0	0	37.1966257299896	0.00266670625099339
16	2	0	0	26.5418698340932	0.00343446951959151
16	3	0	0	17.0553128365996	0.00319315337167075
16	4	0	0	13.2870304599574	0.00254198282663858
16	0	1	0	52.1223621654301	0.00149461562616841
16	1	1	0	36.302770041846	0.00186885357956173
16	2	1	0	20.4792239971147	0.00349544563978781
16	3	1	0	14.006330477171	0.00261476783473671
16	4	1	0	13.0867475513052	0.00211414257059541
17	0	0	0	67.7475792546724	0.00138125687248504
17	1	0	0	43.4727483990336	0.00163118543870585
17	2	0	0	28.784218858968	0.00337366899020042
17	3	0	0	12.19136945161	0.00393240534711347
17	4	0	0	13.3730368492474	0.00216301937688512
17	0	1	0	63.2408696976411	0.00210883617052646
17	1	1	0	29.681546284907	0.00271315741556474
17	2	1	0	23.670991220615	0.00320200025362499
17	3	1	0	14.7793110029803	0.00368264526418791
17	4	1	0	14.9973216727509	0.00291015105677815
18	0	0	0	62.2169501403349	0.00212236436902117
18	1	0	0	35.5683782320927	0.00273040690691531
18	2	0	0	25.9027127448231	0.00310364095629135
18	3	0	0	14.9601294228888	0.00390278488471646
18	4	0	0	16.4088091743804	0.00304326157877911
18	0	1	0	63.1498761681929	0.00227943176985018
18	1	1	0	29.557871290001	0.00224846026486548
18	2	1	0	30.8082883480796	0.00316015900245102
18	3	1	0	15.2700682193989	0.00296987241956851
18	4	1	0	14.0303723420348	0.00332008892341937
19	0	0	0	60.1374924921851	0.00221261965847876
19	1	0	0	45.3195696669495	0.00229984595326131
19	2	0	0	28.8895482735511	0.00326997076981093
19	3	0	0	16.6292396161615	0.00369145845200021
19	4	0	0	15.1268344818881	0.00242003664837311
19	0	1	0	64.4383621142132	0.00149722487812559
19	1	1	0	42.9827069373629	0.00281900672587101
19	2	1	0	23.9562663728925	0.00304104130439648
19	3	1	0	14.1036564072565	0.00414238970936844
19	4	1	0	14.6039470409545	0.00282429571506039
20	0	0	0	62.8602177607068	0.00210462259004563
20	1	0	0	32.2508079106971	0.00173726375551198
20	2	0	0	26.0432196970677	0.00234246977943239
20	3	0	0	11.7487830836745	0.00233487333222867
20	4	0	0	15.7381501532954	0.00319848315831797
20	0	1	0	38.1108327840031	0.0017835388111514
20	1	1	0	30.4623436760367	0.00297008949221651
20	2	1	0	30.2290020391342	0.00229852455049433
20	3	1	0	12.8195578845667	0.00318050145886677
20	4	1	0	14.7792048003362	0.00267021178513602
21	0	0	0	68.2111251329074	0.00138811961626855
21	1	0	0	38.3605456474455	0.0018147731828368
21	2	0	0	29.7138575230293	0.00222006046326638
21	3	0	0	15.217251594722	0.0031008999028197
21	4	0	0	13.2953761587364	0.00241973900302484
21	0	1	0	43.6176520865768	0.0014867056177161
21	1	1	0	28.3227392745018	0.00239833199589174
21	2	1	0	22.9312727082034	0.00354033185273747
21	3	1	0	14.2447242697974	0.00377887951465322
21	4	1	0	14.2033509775438	0.00226204017189907
22	0	0	1	45.9152240505817	0.00225553804435422
22	1	0	1	41.4158160139674	0.0018825723928119
22	2	0	1	33.4521771693381	0.00278043698236244
22	3	0	1	13.8781189893691	0.00378734519590474
22	4	0	1	18.2079432814331	0.00190440679659837
22	0	1	1	49.905742764362	0.00161369520070954
22	1	1	1	43.3839290499852	0.00248555749563829
22	2	1	1	30.3228397317406	0.0027887358463932
22	3	1	1	12.4667542321907	0.00252849051805092
22	4	1	1	17.4029679053224	0.00233847177055088
23	0	0	1	71.6017665599757	0.00192306507605607
23	1	0	1	60.8392437238322	0.00253448961209444
23	2	0	1	49.5111675550284	0.002305135939672
23	3	0	1	27.625818652462	0.00326379336477591
23	4	0	1	13.1348000995615	0.00215356305188125
23	0	1	1	68.4501726455755	0.00218067674650166
23	1	1	1	66.0900125382393	0.00184065959963992
23	2	1	1	50.0562245967338	0.00204754400002558
23	3	1	1	26.0185475791863	0.00321390215615876
23	4	1	1	15.7630999790493	0.00283063964728895
24	0	0	1	70.3912578969487	0.00159067976136667
24	1	0	1	76.8331522596492	0.0020418394164511
24	2	0	1	56.2464726920111	0.00292647816053581
24	3	0	1	25.255875523631	0.00337850989586592
24	4	0	1	18.6898622650945	0.00302916125580864
24	0	1	1	98.34245113423	0.00136598375742295
24	1	1	1	99.1206082165657	0.00142077854160559
24	2	1	1	72.1571004171786	0.00296712071154613
24	3	1	1	30.3623048780748	0.00300413106299539
24	4	1	1	20.0868870113497	0.00293814944384602
25	0	0	1	49.1891359143584	0.00187155881237645
25	1	0	1	43.2543897080225	0.0020073810865167
25	2	0	1	33.6435501519946	0.00190838542292307
25	3	0	1	27.5133628591105	0.00364314724219762
25	4	0	1	13.2670898007598	0.00187806659700264
25	0	1	1	84.0691198932906	0.0017929292810515
25	1	1	1	71.1994361529529	0.00242922230680277
25	2	1	1	63.8788318888223	0.00185586885918357
25	3	1	1	34.5870847396146	0.00283008791956679
25	4	1	1	19.8336793851485	0.00224301675707187
26	0	0	1	58.4163957773921	0.00206020816080537
26	1	0	1	60.7722181353387	0.00242746533031768
26	2	0	1	46.9955124732626	0.00237283669650311
26	3	0	1	21.9949668237892	0.00301476335754377
26	4	0	1	15.9675663829596	0.00225042823744015
26	0	1	1	76.9343076806114	0.00185286455717478
26	1	1	1	72.7415322472864	0.0019494425504731
26	2	1	1	64.6137680596295	0.00166627210525884
26	3	1	1	29.3720518666492	0.00190699736190138
26	4	1	1	23.5023051126805	0.00297919993703131
27	0	0	1	60.1503874130564	0.00210182328738174
27	1	0	1	63.7902694177794	0.00142986967961535
27	2	0	1	38.9919659817921	0.00269181011174136
27	3	0	1	19.2477327849497	0.00270140906222358
27	4	0	1	21.1841928532034	0.00326157499531768
27	0	1	1	76.1789335889803	0.00195868474777157
27	1	1	1	81.2636744426513	0.00235624789086956
27	2	1	1	53.919835003015	0.00271008890649493
27	3	1	1	33.0281914134835	0.00272860947557411
27	4	1	1	15.6524119421446	0.00300117167007577
28	0	0	1	64.1128236397473	0.00141476257249813
28	1	0	1	51.8570934883387	0.0018222701488672
28	2	0	1	44.105228716948	0.00209163857976221
28	3	0	1	22.6577543107811	0.00301084758443487
28	4	0	1	20.7081963464978	0.00301059752937491
28	0	1	1	70.9385875048455	0.00143181035640773
28	1	1	1	80.3384713804118	0.00150974430238063
28	2	1	1	49.4813323166083	0.00227166829779119
28	3	1	1	29.6839916988666	0.00246280285768727
28	4	1	1	15.9208472777276	0.00306353528095237
29	0	0	1	63.5150183641333	0.00161966053631959
29	1	0	1	51.3692704117069	0.00169711307581883
29	2	0	1	33.8195036347669	0.00187861929835823
29	3	0	1	16.6081639775297	0.00367117730783783
29	4	0	1	13.2274598287096	0.00247601030295205
29	0	1	1	66.3581258680549	0.00168879371174078
29	1	1	1	58.7166956962224	0.0021691667122029
29	2	1	1	55.0523605342909	0.00279314139457588
29	3	1	1	36.4670485394253	0.00285724631125738
29	4	1	1	19.7098050055326	0.00308938240073969
30	0	0	1	46.4581860821103	0.00171239342077467
30	1	0	1	52.3796806173851	0.00243669156843764
30	2	0	1	30.6742367839426	0.00332785602994365
30	3	0	1	20.9760217660005	0.00300448557080733
30	4	0	1	18.6846933196585	0.00293171917215839
30	0	1	1	72.2163294761719	0.00177199374446547
30	1	1	1	68.4135062754545	0.00146752357987614
30	2	1	1	40.6450692246113	0.00233302781605445
30	3	1	1	25.4835444917535	0.00198632147851181
30	4	1	1	19.2467699231783	0.00192393776401023
31	0	0	1	71.764002517672	0.00238104829377042
31	1	0	1	49.7721772296809	0.00180392185107024
31	2	0	1	30.4303370917553	0.00301712857906898
31	3	0	1	23.2126244822851	0.00230710389035774
31	4	0	1	16.956479093651	0.00257458726137474
31	0	1	1	72.1072282862307	0.00163498794245852
31	1	1	1	74.7953667264768	0.00210150473048409
31	2	1	1	42.9502723568521	0.00279565618519686
31	3	1	1	33.3254678303066	0.00224135894930982
31	4	1	1	19.0702661007082	0.00261644915600236
32	0	0	1	57.6616725086904	0.00209301601236505
32	1	0	1	69.7723871901475	0.00253435237082956
32	2	0	1	46.4620254442754	0.00275243468530734
32	3	0	1	21.9974205168003	0.00347887900725349
32	4	0	1	18.1249404095977	0.00305261641801063
32	0	1	1	100	0.00123250624470831
32	1	1	1	66.2055999453798	0.00189516355252029
32	2	1	1	52.2749378507639	0.00170526973038124
32	3	1	1	31.4111127756659	0.00282578922832327
32	4	1	1	19.6808928954417	0.00283639521130386
33	0	0	1	70.0915645590776	0.00152214653201096
33	1	0	1	51.6790070416377	0.00154419187360498
33	2	0	1	33.2419081264281	0.00295524030818294
33	3	0	1	28.9543726970298	0.00292049956796725
33	4	0	1	19.2510465976938	0.00244299733306375
33	0	1	1	89.7680113221337	0.00204626253760965
33	1	1	1	75.8474400640191	0.00243666863478811
33	2	1	1	52.055541716098	0.00177449580296838
33	3	1	1	32.9232236088744	0.00270822992527228
33	4	1	1	18.3266385348994	0.00198618447913536
34	0	0	2	56.7584265455743	0.0018973341598609
34	1	0	2	49.2965692837613	0.00252445848082357
34	2	0	2	33.1804784265691	0.00183338767926794
34	3	0	2	20.0372902253233	0.00362063073390901
34	4	0	2	19.6609175677806	0.00221347912920642
34	0	1	2	63.9590384695177	0.00152002558213379
34	1	1	2	63.5568139558237	0.00174836268177888
34	2	1	2	47.7132223914583	0.00222172990078471
34	3	1	2	26.9299075827269	0.00309983679857067
34	4	1	2	15.6425587927173	0.00183240362019526
35	0	0	2	58.9512182486925	0.00188534650273357
35	1	0	2	71.3410897119273	0.0019372701867514
35	2	0	2	32.2881042745447	0.00284985416927638
35	3	0	2	25.9783383318457	0.00278466900407323
35	4	0	2	20.0370488974153	0.00263116376916008
35	0	1	2	68.0658455644546	0.001329394264
35	1	1	2	86.2722318958259	0.00224053854323926
35	2	1	2	55.7436657671585	0.00279823318762331
35	3	1	2	33.245552641666	0.0023844928919918
35	4	1	2	20.7404618888831	0.00288161364225644
36	0	0	2	50.1320787584054	0.00185955639847966
36	1	0	2	56.1158905372523	0.00177094820707911
36	2	0	2	38.5511425424802	0.00212089992707272
36	3	0	2	18.8734886502761	0.00300155100908653
36	4	0	2	13.8141452303055	0.00305683706197321
36	0	1	2	94.194050835181	0.00222202349790264
36	1	1	2	70.5551633367452	0.00183352838913372
36	2	1	2	55.6359555928784	0.00175713480894994
36	3	1	2	33.8475152943515	0.00291827268307852
36	4	1	2	15.986870453565	0.00271175839576711
37	0	0	2	67.1084209384111	0.00168539662650799
37	1	0	2	47.3600872914806	0.00238736388270198
37	2	0	2	31.4463590884364	0.00232880043270443
37	3	0	2	20.1702172455671	0.00313343682924091
37	4	0	2	21.5516962438052	0.00273903832398592
37	0	1	2	94.7125037391774	0.00173449924828993
37	1	1	2	52.6393592981792	0.00229480143352837
37	2	1	2	40.8564659032625	0.0026760029462008
37	3	1	2	32.7810398958321	0.00220016781556659
37	4	1	2	21.8428298054619	0.00177430354458979
38	0	0	2	69.4774599793774	0.0017377772507689
38	1	0	2	51.0018581310647	0.00182092330649094
38	2	0	2	34.3080611847474	0.00208614515013847
38	3	0	2	25.1463135815664	0.00384122788954932
38	4	0	2	16.6052408449842	0.00332188994158816
38	0	1	2	63.7844933631864	0.00145678318131044
38	1	1	2	67.5721493197841	0.00232833367922907
38	2	1	2	44.7736868610684	0.00192509317953896
38	3	1	2	28.4801669162386	0.00234903598792578
38	4	1	2	16.5900272083219	0.00198048092568629
39	0	0	2	66.249598276397	0.00152292499821256
39	1	0	2	60.969731551155	0.00159201337397631
39	2	0	2	44.6428461151233	0.00251236538321673
39	3	0	2	17.3581123827628	0.00355542329650117
39	4	0	2	13.5339636441145	0.00220069498442742
39	0	1	2	86.8690467328096	0.00146105834765154
39	1	1	2	63.2036039522539	0.00250724969009594
39	2	1	2	41.17469737996	0.00305351237785986
39	3	1	2	31.3956245231194	0.00309716814079425
39	4	1	2	18.2133987706478	0.00216949871176221
40	0	0	2	55.6992873341795	0.00221833987650761
40	1	0	2	51.2632808858891	0.00237395326936282
40	2	0	2	41.7568101818717	0.00322996843032618
40	3	0	2	18.4039185142609	0.00329356917531953
40	4	0	2	15.8933087795292	0.00304448442164275
40	0	1	2	76.5624889160555	0.00185484525712549
40	1	1	2	65.5961675541635	0.00228194067702645
40	2	1	2	52.8390763952882	0.00207187709169662
40	3	1	2	28.3676931422524	0.0026580439121954
40	4	1	2	18.6376947045273	0.00275486592492851
